180472083698941952
187615005422780416
243339436828393474
297173113022447617
372083065822117890
406852605877288960
436644513117896704
446852229819793408
493427191741153291
494593960178745346
508369441986445316
518474233282560015
552330970427162625
557202909679583244
562512313190580225
593178690503049226
593921296224747521
621832553967648781
637896327682064384
691658540447957073
695418269947134033
695842166605348907
706082544528916702
708008960422051901
710105842212667444
710944355095019550
720037963228119070
733133889962377337
736618943896092755
740286201956925590
751447814487408702
752291449558794240
753492348612116501
754235754837704756
760694955202183198
766466983423639643
783165392289398844
785760413308551189
787210153816096769
791061065685401630
792052967036551179
792790108246900777
804185705738928148
806462512043524117
809211472629858355
813467071681396738
814280829533421701
816865005970128906
825404335487713361
837939884429279252
838919760120512532
840123058277711882
841013911545184356
850038810715619339
852619079445119076
852818046522359808
862327531238457384
863401260165103658
871842738142863371
872405682131988480
873630616451694613
879057391562412092
887418039270768690
889188929369165855
889955424441348116
892964127285321750
899655960828735569
899690499030540388
900263440868843540
901194589803778058
909418629240610847
920090978084339712
925574184040542228
938190070744240208
943930645044936756
949701190499844126
954081232017309716
964128309619355759
964668343200153700
969762012785696768
969939207504134184
971373721346535444
973780907821527060
973917169945554964
974971962822651984
975710229473939477
980548788819202148
984241035213438996
988996924122214411
995172731270205530
996879533825347677
1000765133951344740
1001819533801168919
1002213677874823268
1009942703292829757
1012396352057131089
1013359305786916874
1014601521863872542
1016411511679373383
1024399185405022312
1033673472276181043
1035952438814986240
1041296129041641493
1043240867898605589
1050907666068807721
1053738541450014751
1060247339207512114
1061690118898991184
1063950555950628974
1065790648944427100
1070761090478260234
1083430069046878328
1086317703398182922
1099759560056635463
1101435406001643600
1102404153159995392
1103015437937152000
1103774161026945065
1111702235458572308
1117872203455799347
1117922802369052752
1119511557735465050
1121711127265554434
1122204594924163122
1124746496856838274
1133652930466164737
1134566190686159020
1134893622068781056
1137178362180292688
1138266068125761597
1138643270646382723
1138707964283342888
1141315381613576254
1146506588400668724
1147032857341083688
1153798718823350372
1153831167456444488
1155924707120517212
1160022166574739547
1160151526912827422
1161768109405917205
1162166424790388766
1163780510955347978
1166111305221034114
1167542777622564946
1168299915982688306
1169402878746697858
1169709818752290927
1170840823450062858
1172245708670259240
1178483764633030656
1179013591551197209
1184609374191239318
1188195841899499551
1191717873987620865
1194698247336382596
1197871553271050260
1200918184027492442
1201182346741821520
1201527335640375411
1203790809388945502
1209545580632739912
1213890282337079489
1216006483662209115
1216456545374568649
1218761454493241374
1220649738475405372
1226147701310095412
1229281354286497793
1230703586896379924
1234550432550879254
1234720958074454078
1235613019447492673
1241891588259582008
1243568005657661482
1245478365935435797
1247631522333462569
1248969939747078267
1249191228088647706
1250848110721110016
1251367021833224193
1252484350663200849
1254892711752765561
1257443531656527902
1258440914766925834
1259927090111840417
1260280690021372015
1261614805882769482
1262461700758569090
1264370779886194771
1265048138218213381
1266118197178794095
1266119347097567232
1272630818174402690
1275701194328641550
1278485980168323209
1278817097014575167
1279583768528687155
1284619632082288672
1286361834550595627
1294773878807330890
1300630445679050895
1303731766703554634
1304807356726509592
1307071960512987231
1309657165597769901
1310370450454347817
1311227158798012430
1313677506976551014
1315707081151741953
1316423846185664525
1320321463147827242
1320634630055006229
1323478458650857533
1324500329701572730
1324933259095838763
1326850175049662486
1327559677101346872
1327750902685241415
1327762097588670477
1328127810753134734
1328479029845688444
1329537828694261761
1330791244984483856
1332928998782537742
1333059346426232843
1333060383338004573
1339383322056462458
1340324008184385587
1344016763150532748
1344416771654029443
1344916120666112032
1348422295651352587
1348457233851351061
1349055952229240916
1350443855832547428
1351613304656760843
1352027699845267619
1352195923110789171
1352338559067230232
1353101849062019152
1354518663838830653
1354895336082112713
1357737954709340210
1358405123545763882
1358635369914044508
1359134552496410636
1359623989164769370
1361120624361083081
1361181346134753451
1362517664873971957
1363074357492060354
1366913993507209307
1367565505325437058
1369353150808461392
1371751778705608704
1372813395333480530
1373009790946508900
1373611335379583047
1375665662021861457
1376744851273682944
1376762874575192094
1377230600854966282
1378025638375587951
1379474849784926238
1379723728530968578
1380002635310174331
1380980841097859163
1381013020209315850
1381415865886441492
1382077908893306903
1382727875144192081
1383141882212909086
1384142992914256065
1384145262112542814
1384356028715368470
1384370488255578254
1384373186853863505
1384377821048209529
1385023786147119254
1385089108971618325
1385694457726505052
1385804688699424868
1385846593605075045
1386380086328033310
1386590993540710461
1386626382657884200
1387014356948226079
1387024404537544734
1387135615853662220
1387742137327816714
1389481088052891680
1389582046120382557
1390244776229736470
1390375698799005799
1390496787663552624
1390551193020928051
1391500833765593138
1391666344121991248
1392116583727501364
1392121192063701184
1392598731118870621
1392720338005262387
1392983059724374059
1393043424625692835
1393046827108139028
1393535432507265066
1393640878668644502
1393649010882904125
1393652253168238615
1393652601907838978
1393653613930348556
1393657347280207882
1393678258460950599
1393767550818713600
1393926079541936130
1393936389300682813
1394016313336266874
1394075630399914089
1394636361125855332
1394900403925286995
1394986127156318302
1395127737185734686
1395898744020664403
1396065815274455050
1396619970070319189
1397428589015863327
1397908586251817054
1398029335088337008
1398074134746890280
1398925298312937484
1399471377844666418
1400230601449148527
1401207575042723932
1401736307478106173
1402240256719323279
